# x     y     width  breakable isSpike isTarget isMoving moveHorizontal moveRange moveSpeed

0.0   -1.12   4.5     0         0       0        0        0              0.0       0.0
0.0   -1.08   4.5     0         0       0        0        0              0.0       0.0
0.0   -1.04   4.5     0         0       0        0        0              0.0       0.0
0.0   -1.0   4.5     0         0       0        0        0              0.0       0.0
-1.3  -0.2   0.5     0         1       0        0        0              0.0       0.0
1.4   -0.1   0.4     1         0       0        0        0              0.0       0.0
0.0    0.3   0.6     0         0       0        1        1              0.5       0.01
-0.9   0.6   0.5     0         0       0        1        0              0.4       0.008
0.9    0.8   0.4     0         1       0        0        0              0.0       0.0
0.0    1.0   0.6     0         0       1        0        0              0.0       0.0
