# x    y     width  breakable isSpike isTarget isMoving moveHorizontal moveRange moveSpeed
0.0   -1.12   4.5     0         0       0        0        0              0.0       0.0
0.0   -1.08   4.5     0         0       0        0        0              0.0       0.0
0.0   -1.04   4.5     0         0       0        0        0              0.0       0.0
0.0   -1.0    4.5     0         0       0        0        0              0.0       0.0
0.0   -0.2    0.6     0         0       0        1        1              0.5       0.008
-1.0  -0.6    0.6     1         0       0        0        0              0.0       0.0
1.5    0.0    0.5     0         0       0        0        0              0.0       0.0
0.9    0.25   0.4     1         0       0        0        0              0.0       0.0
-0.7   0.1    0.3     0         1       0        0        0              0.0       0.0
1.2    0.7    0.6     1         0       0        0        0              0.0       0.0
-1.5   0.9    0.6     0         0       0        0        0              0.0       0.0
-1.5   1.0    0.15    0         0       1        0        0              0.0       0.0
0.0    0.9    0.6     0         0       0        1        1              0.5       0.008

